%YAML:1.0
---
K1: !!opencv-matrix
   rows: 3
   cols: 3
   dt: d
   data: [348.880413, 0.000000, 328.380484,0.000000, 348.805888, 187.072788,0.000000, 0.000000, 1.000000]
K2: !!opencv-matrix
   rows: 3
   cols: 3
   dt: d
   data: [347.025763, 0.000000, 323.586733,0.000000, 346.173388, 185.915606,0.000000, 0.000000, 1.000000]
D1: !!opencv-matrix
   rows: 1
   cols: 5
   dt: d
   data: [-0.160088, 0.022512, -0.000043, 0.000733, 0.000000]
D2: !!opencv-matrix
   rows: 1
   cols: 5
   dt: d
   data: [-0.159990, 0.022350, -0.001136, 0.001557, 0.000000]
R: !!opencv-matrix
   rows: 3
   cols: 3
   dt: d
   data: []
R1: !!opencv-matrix
   rows: 3
   cols: 3
   dt: d
   data: [0.999785, 0.006074, 0.019835,-0.005995, 0.999974, -0.004059,-0.019859, 0.003939, 0.999795]
R2: !!opencv-matrix
   rows: 3
   cols: 3
   dt: d
   data: [0.999819, 0.005292, 0.018266,-0.005367, 0.999977, 0.004059,-0.018244, -0.004156, 0.999825]
P1: !!opencv-matrix
   rows: 3
   cols: 4
   dt: d
   data: [338.448726, 0.000000, 304.062168, 0.000000,0.000000, 338.448726, 184.813852, 0.000000,0.000000, 0.000000, 1.000000, 0.000000]
P2: !!opencv-matrix
   rows: 3
   cols: 4
   dt: d
   data: [338.448726, 0.000000, 304.062168, -40.932966,0.000000, 338.448726, 184.813852, 0.000000,0.000000, 0.000000, 1.000000, 0.000000]
Q: !!opencv-matrix
   rows: 4
   cols: 4
   dt: d
   data: [1,0,0,-304.062168,0,1,0,-184.813852,0,0,0,338.448726,0,0,8.2683655516192,0]
